Simulation Parameters:
Resistance: 1000
Capacitance: 0.1

Input Voltage 1
Type: squareAmplitude: 10Frequency: 100Phase Angle: 0DC Offset: 0

Simulation Results:
0,0,0
6.25e-005,10,10
0.000125,10,9.99999
0.0001875,10,9.99999
0.00025,10,9.99999
0.0003125,10,9.99998
0.000375,10,9.99998
0.0004375,10,9.99997
0.0005,10,9.99997
0.0005625,10,9.99997
0.000625,10,9.99996
0.0006875,10,9.99996
0.00075,10,9.99995
0.0008125,10,9.99995
0.000875,10,9.99994
0.0009375,10,9.99994
0.001,10,9.99994
0.0010625,10,9.99993
0.001125,10,9.99993
0.0011875,10,9.99992
0.00125,10,9.99992
0.0013125,10,9.99992
0.001375,10,9.99991
0.0014375,10,9.99991
0.0015,10,9.9999
0.0015625,10,9.9999
0.001625,10,9.99989
0.0016875,10,9.99989
0.00175,10,9.99989
0.0018125,10,9.99988
0.001875,10,9.99988
0.0019375,10,9.99987
0.002,10,9.99987
0.0020625,10,9.99987
0.002125,10,9.99986
0.0021875,10,9.99986
0.00225,10,9.99985
0.0023125,10,9.99985
0.002375,10,9.99984
0.0024375,10,9.99984
0.0025,10,9.99984
0.0025625,10,9.99983
0.002625,10,9.99983
0.0026875,10,9.99982
0.00275,10,9.99982
0.0028125,10,9.99982
0.002875,10,9.99981
0.0029375,10,9.99981
0.003,10,9.9998
0.0030625,10,9.9998
0.003125,10,9.99979
0.0031875,10,9.99979
0.00325,10,9.99979
0.0033125,10,9.99978
0.003375,10,9.99978
0.0034375,10,9.99977
0.0035,10,9.99977
0.0035625,10,9.99977
0.003625,10,9.99976
0.0036875,10,9.99976
0.00375,10,9.99975
0.0038125,10,9.99975
0.003875,10,9.99974
0.0039375,10,9.99974
0.004,10,9.99974
0.0040625,10,9.99973
0.004125,10,9.99973
0.0041875,10,9.99972
0.00425,10,9.99972
0.0043125,10,9.99972
0.004375,10,9.99971
0.0044375,10,9.99971
0.0045,10,9.9997
0.0045625,10,9.9997
0.004625,10,9.99969
0.0046875,10,9.99969
0.00475,10,9.99969
0.0048125,10,9.99968
0.004875,10,9.99968
0.0049375,10,9.99967
0.005,-10,-10.0003
0.0050625,-10,-10.0003
0.005125,-10,-10.0003
0.0051875,-10,-10.0003
0.00525,-10,-10.0003
0.0053125,-10,-10.0003
0.005375,-10,-10.0003
0.0054375,-10,-10.0003
0.0055,-10,-10.0003
0.0055625,-10,-10.0003
0.005625,-10,-10.0003
0.0056875,-10,-10.0003
0.00575,-10,-10.0003
0.0058125,-10,-10.0003
0.005875,-10,-10.0003
0.0059375,-10,-10.0003
0.006,-10,-10.0003
0.0060625,-10,-10.0003
0.006125,-10,-10.0003
0.0061875,-10,-10.0003
0.00625,-10,-10.0003
0.0063125,-10,-10.0003
0.006375,-10,-10.0003
0.0064375,-10,-10.0003
0.0065,-10,-10.0003
0.0065625,-10,-10.0003
0.006625,-10,-10.0003
0.0066875,-10,-10.0003
0.00675,-10,-10.0003
0.0068125,-10,-10.0003
0.006875,-10,-10.0003
0.0069375,-10,-10.0003
0.007,-10,-10.0003
0.0070625,-10,-10.0003
0.007125,-10,-10.0003
0.0071875,-10,-10.0003
0.00725,-10,-10.0003
0.0073125,-10,-10.0003
0.007375,-10,-10.0003
0.0074375,-10,-10.0003
0.0075,-10,-10.0003
0.0075625,-10,-10.0003
0.007625,-10,-10.0003
0.0076875,-10,-10.0003
0.00775,-10,-10.0003
0.0078125,-10,-10.0003
0.007875,-10,-10.0003
0.0079375,-10,-10.0003
0.008,-10,-10.0003
0.0080625,-10,-10.0003
0.008125,-10,-10.0003
0.0081875,-10,-10.0003
0.00825,-10,-10.0003
0.0083125,-10,-10.0003
0.008375,-10,-10.0003
0.0084375,-10,-10.0003
0.0085,-10,-10.0003
0.0085625,-10,-10.0003
0.008625,-10,-10.0003
0.0086875,-10,-10.0003
0.00875,-10,-10.0003
0.0088125,-10,-10.0003
0.008875,-10,-10.0003
0.0089375,-10,-10.0003
0.009,-10,-10.0003
0.0090625,-10,-10.0003
0.009125,-10,-10.0003
0.0091875,-10,-10.0003
0.00925,-10,-10.0003
0.0093125,-10,-10.0003
0.009375,-10,-10.0003
0.0094375,-10,-10.0003
0.0095,-10,-10.0003
0.0095625,-10,-10.0003
0.009625,-10,-10.0003
0.0096875,-10,-10.0003
0.00975,-10,-10.0003
0.0098125,-10,-10.0003
0.009875,-10,-10.0003
0.0099375,-10,-10.0003
0.01,10,9.99967
0.0100625,10,9.99967
0.010125,10,9.99966
0.0101875,10,9.99966
0.01025,10,9.99965
0.0103125,10,9.99965
0.010375,10,9.99964
0.0104375,10,9.99964
0.0105,10,9.99964
0.0105625,10,9.99963
0.010625,10,9.99963
0.0106875,10,9.99962
0.01075,10,9.99962
0.0108125,10,9.99962
0.010875,10,9.99961
0.0109375,10,9.99961
0.011,10,9.9996
0.0110625,10,9.9996
0.011125,10,9.99959
0.0111875,10,9.99959
0.01125,10,9.99959
0.0113125,10,9.99958
0.011375,10,9.99958
0.0114375,10,9.99957
0.0115,10,9.99957
0.0115625,10,9.99957
0.011625,10,9.99956
0.0116875,10,9.99956
0.01175,10,9.99955
0.0118125,10,9.99955
0.011875,10,9.99954
0.0119375,10,9.99954
0.012,10,9.99954
0.0120625,10,9.99953
0.012125,10,9.99953
0.0121875,10,9.99952
0.01225,10,9.99952
0.0123125,10,9.99952
0.012375,10,9.99951
0.0124375,10,9.99951
0.0125,10,9.9995
0.0125625,10,9.9995
0.012625,10,9.99949
0.0126875,10,9.99949
0.01275,10,9.99949
0.0128125,10,9.99948
0.012875,10,9.99948
0.0129375,10,9.99947
0.013,10,9.99947
0.0130625,10,9.99947
0.013125,10,9.99946
0.0131875,10,9.99946
0.01325,10,9.99945
0.0133125,10,9.99945
0.013375,10,9.99944
0.0134375,10,9.99944
0.0135,10,9.99944
0.0135625,10,9.99943
0.013625,10,9.99943
0.0136875,10,9.99942
0.01375,10,9.99942
0.0138125,10,9.99942
0.013875,10,9.99941
0.0139375,10,9.99941
0.014,10,9.9994
0.0140625,10,9.9994
0.014125,10,9.99939
0.0141875,10,9.99939
0.01425,10,9.99939
0.0143125,10,9.99938
0.014375,10,9.99938
0.0144375,10,9.99937
0.0145,10,9.99937
0.0145625,10,9.99937
0.014625,10,9.99936
0.0146875,10,9.99936
0.01475,10,9.99935
0.0148125,10,9.99935
0.014875,10,9.99934
0.0149375,10,9.99934
0.015,-10,-10.0007
0.0150625,-10,-10.0007
0.015125,-10,-10.0007
0.0151875,-10,-10.0007
0.01525,-10,-10.0007
0.0153125,-10,-10.0007
0.015375,-10,-10.0007
0.0154375,-10,-10.0007
0.0155,-10,-10.0007
0.0155625,-10,-10.0007
0.015625,-10,-10.0007
0.0156875,-10,-10.0007
0.01575,-10,-10.0007
0.0158125,-10,-10.0007
0.015875,-10,-10.0007
0.0159375,-10,-10.0007
0.016,-10,-10.0007
0.0160625,-10,-10.0007
0.016125,-10,-10.0007
0.0161875,-10,-10.0007
0.01625,-10,-10.0007
0.0163125,-10,-10.0007
0.016375,-10,-10.0007
0.0164375,-10,-10.0007
0.0165,-10,-10.0007
0.0165625,-10,-10.0007
0.016625,-10,-10.0007
0.0166875,-10,-10.0007
0.01675,-10,-10.0007
0.0168125,-10,-10.0007
0.016875,-10,-10.0007
0.0169375,-10,-10.0007
0.017,-10,-10.0007
0.0170625,-10,-10.0007
0.017125,-10,-10.0007
0.0171875,-10,-10.0007
0.01725,-10,-10.0007
0.0173125,-10,-10.0007
0.017375,-10,-10.0007
0.0174375,-10,-10.0007
0.0175,-10,-10.0007
0.0175625,-10,-10.0007
0.017625,-10,-10.0007
0.0176875,-10,-10.0007
0.01775,-10,-10.0007
0.0178125,-10,-10.0007
0.017875,-10,-10.0007
0.0179375,-10,-10.0007
0.018,-10,-10.0007
0.0180625,-10,-10.0007
0.018125,-10,-10.0007
0.0181875,-10,-10.0007
0.01825,-10,-10.0007
0.0183125,-10,-10.0007
0.018375,-10,-10.0007
0.0184375,-10,-10.0007
0.0185,-10,-10.0007
0.0185625,-10,-10.0007
0.018625,-10,-10.0007
0.0186875,-10,-10.0007
0.01875,-10,-10.0007
0.0188125,-10,-10.0007
0.018875,-10,-10.0007
0.0189375,-10,-10.0007
0.019,-10,-10.0007
0.0190625,-10,-10.0007
0.019125,-10,-10.0007
0.0191875,-10,-10.0007
0.01925,-10,-10.0007
0.0193125,-10,-10.0007
0.019375,-10,-10.0007
0.0194375,-10,-10.0007
0.0195,-10,-10.0007
0.0195625,-10,-10.0007
0.019625,-10,-10.0007
0.0196875,-10,-10.0007
0.01975,-10,-10.0007
0.0198125,-10,-10.0007
0.019875,-10,-10.0007
0.0199375,-10,-10.0007
0.02,10,9.99934
0.0200625,10,9.99933
0.020125,10,9.99933
0.0201875,10,9.99932
0.02025,10,9.99932
0.0203125,10,9.99932
0.020375,10,9.99931
0.0204375,10,9.99931
0.0205,10,9.9993
0.0205625,10,9.9993
0.020625,10,9.99929
0.0206875,10,9.99929
0.02075,10,9.99929
0.0208125,10,9.99928
0.020875,10,9.99928
0.0209375,10,9.99927
0.021,10,9.99927
0.0210625,10,9.99927
0.021125,10,9.99926
0.0211875,10,9.99926
0.02125,10,9.99925
0.0213125,10,9.99925
0.021375,10,9.99924
0.0214375,10,9.99924
0.0215,10,9.99924
0.0215625,10,9.99923
0.021625,10,9.99923
0.0216875,10,9.99922
0.02175,10,9.99922
0.0218125,10,9.99922
0.021875,10,9.99921
0.0219375,10,9.99921
0.022,10,9.9992
0.0220625,10,9.9992
0.022125,10,9.99919
0.0221875,10,9.99919
0.02225,10,9.99919
0.0223125,10,9.99918
0.022375,10,9.99918
0.0224375,10,9.99917
0.0225,10,9.99917
0.0225625,10,9.99917
0.022625,10,9.99916
0.0226875,10,9.99916
0.02275,10,9.99915
0.0228125,10,9.99915
0.022875,10,9.99914
0.0229375,10,9.99914
0.023,10,9.99914
0.0230625,10,9.99913
0.023125,10,9.99913
0.0231875,10,9.99912
0.02325,10,9.99912
0.0233125,10,9.99912
0.023375,10,9.99911
0.0234375,10,9.99911
0.0235,10,9.9991
0.0235625,10,9.9991
0.023625,10,9.99909
0.0236875,10,9.99909
0.02375,10,9.99909
0.0238125,10,9.99908
0.023875,10,9.99908
0.0239375,10,9.99907
0.024,10,9.99907
0.0240625,10,9.99907
0.024125,10,9.99906
0.0241875,10,9.99906
0.02425,10,9.99905
0.0243125,10,9.99905
0.024375,10,9.99904
0.0244375,10,9.99904
0.0245,10,9.99904
0.0245625,10,9.99903
0.024625,10,9.99903
0.0246875,10,9.99902
0.02475,10,9.99902
0.0248125,10,9.99902
0.024875,10,9.99901
0.0249375,10,9.99901
